Frame,Visibility,X,Y,Time,Hit
0,0,0,0,00:00:00.0,0
1,0,0,0,00:00:00.03333333333333333,0
2,0,0,0,00:00:00.06666666666666667,0
3,0,0,0,00:00:00.1,0
4,0,0,0,00:00:00.13333333333333333,0
5,0,0,0,00:00:00.16666666666666666,0
6,0,0,0,00:00:00.2,0
7,0,0,0,00:00:00.23333333333333334,0
8,0,0,0,00:00:00.26666666666666666,0
9,0,0,0,00:00:00.3,0
10,0,0,0,00:00:00.3333333333333333,0
11,0,0,0,00:00:00.36666666666666664,0
12,0,0,0,00:00:00.4,0
13,0,0,0,00:00:00.43333333333333335,0
14,0,0,0,00:00:00.4666666666666667,0
15,1,608,467,00:00:00.5,0
16,1,608,466,00:00:00.5333333333333333,0
17,1,605,461,00:00:00.5666666666666667,0
18,1,603,457,00:00:00.6,0
19,1,603,457,00:00:00.6333333333333333,0
20,1,596,418,00:00:00.6666666666666666,0
21,1,598,417,00:00:00.7,1
22,1,590,398,00:00:00.7333333333333333,0
23,1,585,383,00:00:00.7666666666666666,0
24,1,585,372,00:00:00.8,0
25,0,0,0,00:00:00.8333333333333334,0
26,0,0,0,00:00:00.8666666666666667,0
27,0,0,0,00:00:00.9,0
28,0,0,0,00:00:00.9333333333333333,0
29,0,0,0,00:00:00.9666666666666667,0
30,0,0,0,00:00:01.0,0
31,1,626,328,00:00:01.0333333333333332,0
32,1,626,326,00:00:01.0666666666666667,0
33,0,0,0,00:00:01.1,0
34,0,0,0,00:00:01.1333333333333333,0
35,0,0,0,00:00:01.1666666666666667,0
36,0,0,0,00:00:01.2,0
37,0,0,0,00:00:01.2333333333333334,0
38,0,0,0,00:00:01.2666666666666666,0
39,0,0,0,00:00:01.3,0
40,0,0,0,00:00:01.3333333333333333,0
41,0,0,0,00:00:01.3666666666666667,0
42,1,617,266,00:00:01.4,0
43,0,0,0,00:00:01.4333333333333333,1
44,1,638,221,00:00:01.4666666666666666,0
45,1,638,218,00:00:01.5,0
46,1,646,203,00:00:01.5333333333333332,0
47,1,656,187,00:00:01.5666666666666667,0
48,1,665,173,00:00:01.6,0
49,1,671,163,00:00:01.6333333333333333,0
50,1,681,156,00:00:01.6666666666666667,0
51,1,678,153,00:00:01.7,0
52,1,686,147,00:00:01.7333333333333334,0
53,1,693,142,00:00:01.7666666666666666,0
54,1,698,138,00:00:01.8,0
55,1,706,136,00:00:01.8333333333333333,0
56,1,711,136,00:00:01.8666666666666667,0
57,1,711,136,00:00:01.9,0
58,1,716,138,00:00:01.9333333333333333,0
59,1,722,141,00:00:01.9666666666666666,0
60,1,728,146,00:00:02.0,0
61,1,733,153,00:00:02.033333333333333,0
62,1,737,161,00:00:02.0666666666666664,0
63,1,737,161,00:00:02.1,0
64,1,741,171,00:00:02.1333333333333333,0
65,1,746,181,00:00:02.1666666666666665,0
66,1,751,192,00:00:02.2,0
67,1,753,206,00:00:02.2333333333333334,0
68,1,756,221,00:00:02.2666666666666666,0
69,1,756,221,00:00:02.3,0
70,1,761,236,00:00:02.3333333333333335,0
71,1,761,253,00:00:02.3666666666666667,0
72,1,766,272,00:00:02.4,0
73,1,768,291,00:00:02.433333333333333,0
74,1,771,311,00:00:02.466666666666667,0
75,1,771,311,00:00:02.5,0
76,1,773,331,00:00:02.533333333333333,0
77,1,776,356,00:00:02.5666666666666664,0
78,1,776,376,00:00:02.6,0
79,1,780,398,00:00:02.6333333333333333,0
80,1,781,416,00:00:02.6666666666666665,0
81,1,780,412,00:00:02.7,0
82,1,776,381,00:00:02.7333333333333334,1
83,1,773,365,00:00:02.7666666666666666,0
84,1,771,351,00:00:02.8,0
85,1,768,343,00:00:02.8333333333333335,0
86,1,767,338,00:00:02.8666666666666667,0
87,1,767,338,00:00:02.9,0
88,1,766,336,00:00:02.933333333333333,0
89,1,766,333,00:00:02.966666666666667,0
90,1,766,332,00:00:03.0,0
91,1,765,335,00:00:03.033333333333333,0
92,1,763,336,00:00:03.0666666666666664,0
93,1,763,338,00:00:03.1,0
94,1,763,341,00:00:03.1333333333333333,0
95,1,763,345,00:00:03.1666666666666665,0
96,0,0,0,00:00:03.2,0
97,0,0,0,00:00:03.2333333333333334,0
98,0,0,0,00:00:03.2666666666666666,0
99,0,0,0,00:00:03.3,0
100,0,0,0,00:00:03.3333333333333335,0
101,0,0,0,00:00:03.3666666666666667,0
102,1,747,341,00:00:03.4,1
103,1,743,335,00:00:03.433333333333333,0
104,1,740,330,00:00:03.466666666666667,0
105,0,0,0,00:00:03.5,0
106,0,0,0,00:00:03.533333333333333,0
107,0,0,0,00:00:03.5666666666666664,0
108,0,0,0,00:00:03.6,0
109,0,0,0,00:00:03.6333333333333333,0
110,0,0,0,00:00:03.6666666666666665,0
111,1,715,337,00:00:03.6999999999999997,0
112,1,712,341,00:00:03.7333333333333334,0
113,0,0,0,00:00:03.7666666666666666,0
114,1,703,353,00:00:03.8,0
115,1,701,362,00:00:03.8333333333333335,0
116,1,697,373,00:00:03.8666666666666667,0
117,0,0,0,00:00:03.9,0
118,0,0,0,00:00:03.933333333333333,0
119,0,0,0,00:00:03.966666666666667,0
120,1,683,411,00:00:04.0,0
121,1,680,422,00:00:04.033333333333333,0
122,1,678,436,00:00:04.066666666666666,0
123,0,0,0,00:00:04.1,1
124,0,0,0,00:00:04.133333333333333,0
125,0,0,0,00:00:04.166666666666667,0
126,0,0,0,00:00:04.2,0
127,0,0,0,00:00:04.233333333333333,0
128,0,0,0,00:00:04.266666666666667,0
129,0,0,0,00:00:04.3,0
130,0,0,0,00:00:04.333333333333333,0
131,0,0,0,00:00:04.366666666666666,0
132,0,0,0,00:00:04.4,0
133,0,0,0,00:00:04.433333333333334,0
134,0,0,0,00:00:04.466666666666667,0
135,0,0,0,00:00:04.5,0
136,0,0,0,00:00:04.533333333333333,0
137,0,0,0,00:00:04.566666666666666,0
138,0,0,0,00:00:04.6,0
139,0,0,0,00:00:04.633333333333333,0
140,0,0,0,00:00:04.666666666666667,0
141,0,0,0,00:00:04.7,0
142,0,0,0,00:00:04.733333333333333,0
143,0,0,0,00:00:04.766666666666667,0
144,0,0,0,00:00:04.8,0
145,0,0,0,00:00:04.833333333333333,0
146,0,0,0,00:00:04.866666666666666,0
147,0,0,0,00:00:04.9,0
148,0,0,0,00:00:04.933333333333334,0
149,0,0,0,00:00:04.966666666666667,0
150,0,0,0,00:00:05.0,0
151,0,0,0,00:00:05.033333333333333,1
152,0,0,0,00:00:05.066666666666666,0
153,0,0,0,00:00:05.1,0
154,1,603,348,00:00:05.133333333333333,0
155,1,593,326,00:00:05.166666666666667,0
156,1,586,303,00:00:05.2,0
157,1,578,286,00:00:05.233333333333333,0
158,1,571,270,00:00:05.266666666666667,0
159,1,571,271,00:00:05.3,0
160,1,566,256,00:00:05.333333333333333,0
161,1,558,245,00:00:05.366666666666666,0
162,1,551,236,00:00:05.4,0
163,1,546,228,00:00:05.433333333333334,0
164,1,540,221,00:00:05.466666666666667,0
165,1,541,222,00:00:05.5,0
166,1,535,218,00:00:05.533333333333333,0
167,1,528,216,00:00:05.566666666666666,0
168,1,522,216,00:00:05.6,0
169,1,517,216,00:00:05.633333333333333,0
170,1,512,218,00:00:05.666666666666667,0
171,1,512,217,00:00:05.7,0
172,1,506,221,00:00:05.733333333333333,0
173,1,501,227,00:00:05.766666666666667,0
174,1,496,233,00:00:05.8,0
175,1,491,243,00:00:05.833333333333333,0
176,1,486,253,00:00:05.866666666666666,0
177,1,486,252,00:00:05.9,0
178,1,481,265,00:00:05.933333333333334,0
179,1,476,276,00:00:05.966666666666667,0
180,1,471,291,00:00:06.0,0
181,1,466,307,00:00:06.033333333333333,0
182,1,463,323,00:00:06.066666666666666,0
183,1,462,323,00:00:06.1,0
184,1,458,341,00:00:06.133333333333333,0
185,1,453,358,00:00:06.166666666666667,0
186,1,446,351,00:00:06.2,0
187,1,442,345,00:00:06.233333333333333,0
188,1,440,340,00:00:06.266666666666667,1
189,1,441,341,00:00:06.3,0
190,1,438,338,00:00:06.333333333333333,0
191,1,436,338,00:00:06.366666666666666,0
192,1,436,341,00:00:06.4,0
193,1,436,343,00:00:06.433333333333334,0
194,1,436,346,00:00:06.466666666666667,0
195,1,436,346,00:00:06.5,0
196,1,436,351,00:00:06.533333333333333,0
197,1,436,355,00:00:06.566666666666666,0
198,1,436,360,00:00:06.6,0
199,1,436,366,00:00:06.633333333333333,0
200,1,436,371,00:00:06.666666666666667,0
201,1,435,372,00:00:06.7,0
202,1,436,376,00:00:06.733333333333333,0
203,1,430,372,00:00:06.766666666666667,0
204,1,428,358,00:00:06.8,0
205,1,426,353,00:00:06.833333333333333,1
206,1,423,351,00:00:06.866666666666666,0
207,1,423,351,00:00:06.8999999999999995,0
208,1,421,346,00:00:06.933333333333334,0
209,1,420,346,00:00:06.966666666666667,0
210,1,416,346,00:00:07.0,0
211,1,416,348,00:00:07.033333333333333,0
212,1,413,351,00:00:07.066666666666666,0
213,1,413,351,00:00:07.1,0
214,1,411,353,00:00:07.133333333333333,0
215,1,410,358,00:00:07.166666666666667,0
216,1,408,366,00:00:07.2,0
217,1,406,372,00:00:07.233333333333333,0
218,1,406,381,00:00:07.266666666666667,0
219,1,405,381,00:00:07.3,0
220,1,403,391,00:00:07.333333333333333,0
221,1,401,401,00:00:07.366666666666666,0
222,1,398,413,00:00:07.3999999999999995,0
223,1,398,426,00:00:07.433333333333334,0
224,1,433,397,00:00:07.466666666666667,0
225,1,586,341,00:00:07.5,0
226,1,465,350,00:00:07.533333333333333,0
227,1,593,356,00:00:07.566666666666666,1
228,1,526,285,00:00:07.6,0
229,1,550,262,00:00:07.633333333333333,0
230,1,568,243,00:00:07.666666666666667,0
231,1,568,242,00:00:07.7,0
232,1,583,228,00:00:07.733333333333333,0
233,1,601,216,00:00:07.766666666666667,0
234,1,613,206,00:00:07.8,0
235,1,626,201,00:00:07.833333333333333,0
236,1,638,193,00:00:07.866666666666666,0
237,1,638,193,00:00:07.8999999999999995,0
238,1,648,191,00:00:07.933333333333334,0
239,1,658,188,00:00:07.966666666666667,0
240,1,668,187,00:00:08.0,0
241,1,677,188,00:00:08.033333333333333,0
242,1,686,190,00:00:08.066666666666666,0
243,1,686,191,00:00:08.1,0
244,1,695,192,00:00:08.133333333333333,0
245,1,701,196,00:00:08.166666666666666,0
246,1,706,201,00:00:08.2,0
247,1,717,263,00:00:08.233333333333333,0
248,1,720,307,00:00:08.266666666666666,0
249,1,721,307,00:00:08.3,1
250,1,725,342,00:00:08.333333333333334,0
251,1,726,367,00:00:08.366666666666667,0
252,1,723,406,00:00:08.4,0
253,1,731,420,00:00:08.433333333333334,0
254,1,731,441,00:00:08.466666666666667,0
255,1,731,443,00:00:08.5,0
256,1,733,465,00:00:08.533333333333333,0
257,1,733,487,00:00:08.566666666666666,0
258,0,0,0,00:00:08.6,0
259,1,726,440,00:00:08.633333333333333,0
260,0,0,0,00:00:08.666666666666666,0
261,0,0,0,00:00:08.7,1
262,0,0,0,00:00:08.733333333333333,0
263,0,0,0,00:00:08.766666666666666,0
264,0,0,0,00:00:08.8,0
265,0,0,0,00:00:08.833333333333334,0
266,0,0,0,00:00:08.866666666666667,0
267,0,0,0,00:00:08.9,0
268,0,0,0,00:00:08.933333333333334,0
269,0,0,0,00:00:08.966666666666667,0
270,0,0,0,00:00:09.0,0
271,0,0,0,00:00:09.033333333333333,0
272,0,0,0,00:00:09.066666666666666,0
273,0,0,0,00:00:09.1,0
274,0,0,0,00:00:09.133333333333333,0
275,0,0,0,00:00:09.166666666666666,0
276,0,0,0,00:00:09.2,0
277,0,0,0,00:00:09.233333333333333,0
278,0,0,0,00:00:09.266666666666666,0
279,1,706,361,00:00:09.3,0
280,1,706,367,00:00:09.333333333333334,0
281,1,706,376,00:00:09.366666666666667,0
282,0,0,0,00:00:09.4,0
283,0,0,0,00:00:09.433333333333334,0
284,0,0,0,00:00:09.466666666666667,0
285,0,0,0,00:00:09.5,1
286,0,0,0,00:00:09.533333333333333,0
287,0,0,0,00:00:09.566666666666666,0
288,0,0,0,00:00:09.6,0
289,0,0,0,00:00:09.633333333333333,0
290,0,0,0,00:00:09.666666666666666,0
291,0,0,0,00:00:09.7,0
292,0,0,0,00:00:09.733333333333333,0
293,0,0,0,00:00:09.766666666666666,0
294,1,761,351,00:00:09.8,0
295,1,766,353,00:00:09.833333333333334,0
296,1,768,358,00:00:09.866666666666667,0
297,1,768,360,00:00:09.9,0
298,1,771,366,00:00:09.933333333333334,0
299,1,776,375,00:00:09.966666666666667,0
300,1,780,382,00:00:10.0,0
301,1,783,393,00:00:10.033333333333333,0
302,1,786,406,00:00:10.066666666666666,0
303,1,786,405,00:00:10.1,0
304,1,788,418,00:00:10.133333333333333,0
305,1,791,432,00:00:10.166666666666666,0
306,1,793,446,00:00:10.2,0
307,1,796,461,00:00:10.233333333333333,0
308,1,798,478,00:00:10.266666666666666,0
309,1,797,478,00:00:10.3,0
310,1,801,496,00:00:10.333333333333334,0
311,1,801,513,00:00:10.366666666666667,1
312,0,0,0,00:00:10.4,0
313,1,798,385,00:00:10.433333333333334,0
314,1,795,335,00:00:10.466666666666667,0
315,1,795,335,00:00:10.5,0
316,1,793,295,00:00:10.533333333333333,0
317,1,790,260,00:00:10.566666666666666,0
318,1,788,233,00:00:10.6,0
319,1,786,210,00:00:10.633333333333333,0
320,1,785,190,00:00:10.666666666666666,0
321,1,786,190,00:00:10.7,0
322,1,783,173,00:00:10.733333333333333,0
323,1,782,158,00:00:10.766666666666666,0
324,1,781,146,00:00:10.8,0
325,1,781,136,00:00:10.833333333333334,0
326,1,781,128,00:00:10.866666666666667,0
327,1,780,131,00:00:10.9,0
328,1,780,123,00:00:10.933333333333334,0
329,1,778,118,00:00:10.966666666666667,0
330,1,778,115,00:00:11.0,0
331,1,778,113,00:00:11.033333333333333,0
332,1,778,113,00:00:11.066666666666666,0
333,1,777,113,00:00:11.1,0
334,1,776,113,00:00:11.133333333333333,0
335,1,777,116,00:00:11.166666666666666,0
336,1,776,120,00:00:11.2,0
337,1,776,123,00:00:11.233333333333333,0
338,1,776,128,00:00:11.266666666666666,0
339,1,776,128,00:00:11.3,0
340,1,777,136,00:00:11.333333333333334,0
341,1,778,142,00:00:11.366666666666667,0
342,1,778,151,00:00:11.4,0
343,1,778,161,00:00:11.433333333333334,0
344,1,780,171,00:00:11.466666666666667,0
345,1,778,171,00:00:11.5,0
346,1,781,181,00:00:11.533333333333333,0
347,1,780,191,00:00:11.566666666666666,1
348,1,766,265,00:00:11.6,0
349,1,813,318,00:00:11.633333333333333,0
350,1,821,355,00:00:11.666666666666666,0
351,0,0,0,00:00:11.7,0
352,0,0,0,00:00:11.733333333333333,0
353,0,0,0,00:00:11.766666666666666,0
354,1,807,295,00:00:11.8,0
355,1,808,297,00:00:11.833333333333334,0
356,1,808,298,00:00:11.866666666666667,0
357,0,0,0,00:00:11.9,0
358,0,0,0,00:00:11.933333333333334,0
359,0,0,0,00:00:11.966666666666667,0
360,1,836,361,00:00:12.0,0
361,1,838,366,00:00:12.033333333333333,0
362,1,841,371,00:00:12.066666666666666,0
363,1,841,371,00:00:12.1,0
364,1,841,378,00:00:12.133333333333333,0
365,1,842,386,00:00:12.166666666666666,0
366,1,843,393,00:00:12.2,0
367,1,843,403,00:00:12.233333333333333,0
368,1,842,416,00:00:12.266666666666666,0
369,1,841,416,00:00:12.3,0
370,1,841,428,00:00:12.333333333333334,0
371,0,0,0,00:00:12.366666666666667,0
372,1,843,455,00:00:12.4,0
373,1,845,470,00:00:12.433333333333334,0
374,1,850,485,00:00:12.466666666666667,0
375,1,850,486,00:00:12.5,0
376,1,851,496,00:00:12.533333333333333,0
377,1,853,493,00:00:12.566666666666666,0
378,1,855,490,00:00:12.6,0
379,0,0,0,00:00:12.633333333333333,0
380,0,0,0,00:00:12.666666666666666,0
381,1,857,490,00:00:12.7,0
382,1,856,491,00:00:12.733333333333333,0
383,1,858,492,00:00:12.766666666666666,0
